[10.0,64.0,1.92,41.01,1.0]
[20.0,72.0,48.39,23.59,0.89]
[30.0,72.0,39.69,34.66,0.85]
[40.0,72.0,42.59,25.32,0.87]
[50.0,72.0,44.12,27.12,0.89]
[60.0,80.0,42.08,32.9,0.87]
[70.0,80.0,45.7,26.01,0.87]
[80.0,80.0,45.41,27.08,0.88]
[90.0,80.0,43.16,32.62,0.89]
[100.0,80.0,43.36,28.16,0.87]
[110.0,80.0,43.84,28.25,0.85]
[120.0,80.0,45.06,30.14,0.85]
[130.0,96.0,45.84,27.09,0.86]
[140.0,96.0,43.12,33.73,0.86]
[150.0,96.0,46.92,30.73,0.87]
[160.0,96.0,43.72,25.61,0.86]
[170.0,128.0,48.76,27.38,0.85]
[180.0,128.0,48.28,30.18,0.83]
[190.0,128.0,48.4,32.62,0.81]
[200.0,128.0,53.0,28.24,0.81]
